weights
500, 10, 
0.0950975, -0.127773, 0.1027, 0.0301817, -0.102039, 0.0131611, 0.0712486, -0.0800038, -0.0411857, 0.047357, 
-0.0540627, 0.0152489, -0.0586821, -0.109114, 0.111318, 0.00880179, -0.0355916, -0.0207472, 0.084375, 0.0632515, 
-0.0168299, -0.00111427, -0.0141979, 0.011408, -0.0081146, 0.00327646, -0.0180903, 0.0245223, 0.000161078, 0.0016686, 
0.0926334, -0.0828236, 0.0850136, -0.0109938, -0.152382, -0.0319746, -0.124796, 0.041801, 0.0482971, 0.0922089, 
-0.0865286, -0.0101539, 0.105658, -0.0417126, -0.0222562, 0.0598614, 0.00300399, -0.0942189, 0.047721, 0.0444365, 
0.157624, -0.0938623, 0.187361, 0.0386945, -0.0811019, -0.0874239, -0.0438554, -0.0732527, 0.0445104, -0.0597658, 
0.0334327, 0.0637236, -0.0582706, -0.0171624, 0.0300944, -0.0088318, 0.0427884, -0.0154071, -0.0641578, -0.00431374, 
0.126777, 0.0204953, -0.0767622, -0.0145108, 0.0013372, -0.0871647, 0.00772812, -0.0118264, -0.0278786, 0.0191256, 
0.0833306, -0.0201847, 0.0740271, 0.035973, -0.0312362, 0.11028, -0.0789787, -0.119108, 0.0263451, -0.0494277, 
-0.0430299, 0.0293922, -0.0100241, -0.0740827, 0.08811, -0.0389851, -0.00383156, 0.0502988, -0.0445899, 0.0570607, 
0.044716, 0.0283133, -0.118256, 0.109933, -0.110259, -0.0890298, -0.0897604, 0.0437536, 0.0749017, 0.1253, 
-0.0824428, 0.00954877, -0.00262483, 0.0867879, 0.0274089, 0.0244527, -0.0726221, 0.0277955, -0.0542408, 0.0827672, 
-0.0395897, 0.0950998, 0.00907039, -0.112766, 0.0171257, 9.72792e-05, 0.115624, -0.0088319, 0.00655571, -0.102613, 
0.0392459, -0.0913924, 0.0614567, 0.0477077, -0.100819, -0.00980703, -0.000423699, -0.00911242, 0.0527018, 0.0438751, 
-0.0377732, 0.0784503, -0.0352733, -0.037337, 0.136352, 0.0289456, 0.189369, -0.0696086, -0.0434848, -0.205749, 
0.108736, 0.029275, -0.142107, 0.122565, -0.0628416, -0.0373744, 0.0677374, -0.0466394, -0.0153651, -0.0393825, 
0.0347233, -0.0164319, -0.0509053, -0.112189, 0.11537, 0.123143, -0.0051941, -0.0620698, -0.0564303, 0.044553, 
0.00496537, -0.0725252, -0.0380773, 0.11413, -0.128953, 0.140557, 0.0360801, -0.157869, 0.0745162, 0.0612942, 
0.010254, -0.0837691, -0.0572128, 0.0256266, 0.11192, -0.045441, -0.0613137, 0.0214154, 0.0586853, 0.0148194, 
0.0896035, 0.0550568, 0.00962966, -0.109964, 0.00831836, -0.0161218, -0.0868621, 0.139631, -0.045536, -0.015867, 
0.0640503, -0.0513399, 0.0974332, 0.0079574, -0.0202148, -0.012435, -0.0222341, -0.0979833, 0.027952, 0.0479585, 
0.0215018, -0.0615883, -0.00973096, -0.0541165, -0.0436001, 0.0639977, -0.0447948, 0.106312, 0.0120288, -0.0347301, 
0.060177, 0.069478, -0.0884112, -0.0864992, 0.0336763, 0.0618778, 0.00392103, 0.111652, -0.00485571, -0.150494, 
-0.0294595, 0.0894902, -0.0645881, 0.0651242, 0.00252663, -0.14661, -0.103203, 0.15046, 0.0548763, -0.0429659, 
0.0313126, 0.0119252, 0.0651539, -0.0183771, 0.077962, -0.0193108, 0.0445915, -0.03846, -0.0606032, -0.100654, 
-0.0366682, -0.0206576, 0.0113785, 0.0674899, -0.0488237, 0.160583, 0.0268725, 0.105198, -0.171718, -0.0837223, 
0.0687066, -0.0942811, 0.00462749, -0.0953927, -0.115868, -0.0188692, 0.139565, -0.118491, 0.136334, 0.0846418, 
-0.125476, 0.0467845, 0.0236496, -0.0157688, 0.00885731, 0.0539025, -0.0578628, 0.023878, 0.0253142, 0.0169076, 
-0.0455988, 0.0780148, -0.0508038, 0.155545, -0.0508359, -0.0619181, 0.0159291, 0.0690483, -0.0569135, -0.0446726, 
-0.0418743, 0.048051, 0.0512909, 0.0640869, -0.0884806, 0.042122, 0.00186901, 0.0527128, 0.110203, -0.187342, 
-0.0918902, 0.140616, 0.0230273, 0.0622926, -0.0438006, 0.142633, -0.110355, -0.0162821, -0.118862, 0.0387829, 
0.0184757, -0.0413208, 0.0529171, 0.0900327, -0.0579512, -0.0528152, -0.0302115, 0.0692734, -0.0651865, 0.000997294, 
0.128092, 0.0814617, 0.139608, 0.0303907, -0.0850808, -0.0273134, -0.08598, -0.00720496, -0.0810286, -0.0756509, 
-0.00422178, -0.0211085, -0.0300325, -0.0843481, 0.0317904, 0.0214719, -0.0586494, 0.0682135, 0.0462712, 0.0457709, 
0.0387335, -0.0175843, -0.0182736, -0.0221743, -0.00684784, -0.0107112, -0.0103175, 0.0103864, -0.0192565, 0.00227194, 
0.0868571, -0.0212676, -0.0745116, -0.0534943, -0.0537888, 0.0536226, 0.00739413, 0.168384, -0.0775435, -0.0737932, 
-0.00693026, -0.00874475, 0.0183453, 0.00348442, -0.0128878, 0.00959801, 0.00227003, 0.00911559, 0.00955989, 0.00850007, 
-0.0215709, 0.00254754, -0.0237671, 0.00323044, 0.0231672, -0.0121, 0.00891643, -0.0277452, 0.0305765, 0.00143791, 
0.00277075, 0.0304057, -0.0464892, 0.00346738, 0.0285207, -0.0337188, 0.0398575, 0.0216251, -0.0056329, 0.0162371, 
0.0205273, 0.0865172, -0.0886165, -0.0809788, -0.120049, 0.142851, -0.0440547, 0.0524844, 0.0386144, 0.0142013, 
-0.126195, 0.0660122, 0.0150391, 0.0793563, 0.0293081, 0.111051, -0.128337, 0.105542, -0.0661978, -0.0682581, 
-0.0557607, 0.170666, 0.0694953, 0.0561559, -0.0878899, -0.0541528, -0.0756751, 0.207218, -0.0416668, -0.184122, 
-0.0791682, 0.0335271, 0.0281994, 0.00691634, -0.00328237, 0.0141163, 0.0910147, 0.0379713, 0.115075, -0.195886, 
0.0091254, -0.0145773, -0.0127293, -0.0114596, -0.0165279, 0.0116918, -0.00831866, -0.0133097, -0.00321733, -0.0170459, 
-0.00288438, 0.0131221, -0.0220288, 0.0302679, -0.010338, -0.0195726, 0.0163653, -0.00421099, 0.0102667, -0.0151166, 
0.077834, 0.0737472, -0.00368732, -0.00387194, -0.097972, 0.0469729, 0.0685088, -0.0784854, 0.0512234, -0.132464, 
0.097957, -0.00790027, 0.0293772, -0.142752, -0.0840964, 0.0127742, 0.0827193, 0.0963549, 0.0612293, -0.112875, 
0.00674571, 0.0172085, -0.0377073, -0.0349968, 0.0367705, 0.00191697, -0.00542779, -0.0376615, 0.0586564, -0.00199039, 
-0.00514801, 0.0690435, 0.0780962, -0.0601148, 0.00341057, -0.16612, -0.138468, -0.0417896, 0.032441, 0.21903, 
0.00420179, -0.0188397, 0.111881, -0.0801569, 0.0450115, -0.0601694, 0.0438812, 0.055464, -0.0591837, -0.084494, 
-0.0241444, 0.0283227, -0.00724457, 0.0724833, -0.0833149, 0.0865594, -0.0999387, 0.103, -0.133955, 0.038988, 
0.0185872, -0.00708223, -0.00930776, -0.0183121, -0.0101752, 0.00176608, 0.0138894, 0.0243219, -0.0157602, -0.014409, 
0.100594, 0.00465837, -0.0261219, -0.0255066, 0.0251853, -0.122238, -0.0352948, 0.0218458, 0.0252553, 0.051219, 
0.0466656, -0.00376538, 0.195706, -0.0260153, -0.0143734, -0.0212783, -0.0189919, 0.0079585, -0.0870506, -0.102937, 
0.026376, -0.0497981, -0.0727201, -0.129825, -0.00457747, -0.00378317, 0.121696, -0.0654848, 0.126055, 0.0397743, 
-0.0451601, -0.0506643, -0.0928315, -0.0202402, 0.130434, -0.0635562, -0.0867557, 0.0624041, 0.0631935, 0.0921676, 
-0.0597457, 0.023637, -0.0601185, 0.166032, 0.0675709, 0.171704, -0.118357, 0.0632591, -0.254982, 0.0123815, 
-0.00611179, -0.00725681, 0.00477974, 0.0325039, -0.00234644, -0.0178862, 0.0394932, -0.00440994, 0.0163125, 0.00102992, 
0.0898604, -0.107377, 0.110148, 0.124885, -0.157147, -0.0307005, 0.0109739, -0.121339, 0.0995107, -0.0141225, 
-0.0539391, -0.0390678, 0.000330218, 0.0332497, 0.0390833, -0.0156175, -0.0452227, -0.0258845, 0.0225424, 0.0624684, 
0.0494563, 0.171157, -0.0618908, -0.108281, 0.0270571, 0.012452, -0.0925462, 0.0949768, -0.0782604, -0.0111298, 
0.0203277, -0.0120276, -0.00108845, -0.00245983, 0.0249477, -0.0243824, 0.0342564, -0.0326113, -0.0163784, -0.0203579, 
-0.00573735, 0.0192302, -0.0181329, 0.00450723, -0.0129545, 0.020787, -0.00234814, 0.0375048, -0.0172345, -0.0292757, 
-0.0690592, -0.101207, 0.0270202, -0.00841032, 0.159378, 0.0427991, 0.0882532, 0.0202412, -0.0334112, -0.156864, 
-0.00796921, -0.00969668, -0.0201828, 0.00400294, -0.0246062, -0.00176431, 0.00422634, 0.016597, 0.0219601, 0.0160957, 
-0.0547739, -0.0303676, 0.00955002, -0.00376119, -0.0657825, -0.0422732, 0.11471, 0.0496186, 0.00969343, -0.0461982, 
-0.0529139, 0.0478796, 0.133217, 0.0603221, -0.159405, 0.0417853, 0.0815374, 0.0032649, 0.0366133, -0.153269, 
0.00264077, -0.0163664, -0.0159138, 0.00196088, 0.0172256, 0.00909186, -0.0106464, -0.0141638, 0.00631418, 0.00379348, 
-0.0577734, -0.0267218, -0.0766956, 0.122195, 0.0155943, 0.0548128, -0.0586421, -0.055449, 0.0419595, 0.0535126, 
0.0125223, -0.0540311, 0.0407063, 0.115271, -0.0708803, -0.0383485, -0.0287214, 0.012857, 0.0570189, 0.0327094, 
0.00475807, 0.0117029, -0.0115788, 0.0161743, -0.0124049, -0.00388522, 0.003613, -0.00344885, 0.0110279, 0.0104847, 
-0.139356, -0.0291069, 0.00163592, 0.092668, 0.0151635, 0.0683666, -0.01641, -0.109478, -0.0132303, 0.120656, 
-0.0295949, -0.0211813, -0.0529875, 0.0464315, 0.0444853, 0.0647011, -0.0463886, 0.047605, 0.0201569, -0.0649828, 
-0.0275043, -0.0415948, -0.0258001, -0.0942086, 0.0700063, 0.111676, -0.0138961, -0.0611811, -0.058452, 0.115849, 
-0.0304076, 0.0710336, 0.0432698, 0.0237929, 0.0444215, -0.013727, 0.063537, 0.0100612, 0.0190119, -0.216285, 
0.0618844, -0.0428029, 0.069394, 0.0452682, 0.0179264, 0.01689, -0.0659327, 0.0227739, -0.0317543, -0.0349572, 
0.0617998, 0.0155965, 0.0249896, 0.0401802, 0.0343627, -0.10047, 0.00585311, 0.0384968, -0.0519685, 0.00217353, 
-0.00287971, -0.0116852, -0.019564, -0.0101492, 0.00293178, 0.000939372, -0.0185251, 0.0110697, -0.00517686, 0.0137017, 
0.0118721, -0.0432138, 0.0216664, -0.0769149, 0.143721, 0.0452339, 0.0188765, -0.0163405, -0.0626532, -0.0406361, 
0.0311879, 0.0119905, 0.0236711, 0.0056202, 0.0230297, 0.00217292, -0.035777, -0.0209105, 0.0203346, -0.046646, 
0.0349702, -0.0210981, -0.0250493, 0.0336794, -0.0355775, 0.135466, -0.0737311, 0.00505649, -0.0876568, -0.0151735, 
-0.0688635, -0.0317062, -0.0594364, -0.0414684, -0.00516422, 0.0824342, 0.124599, 0.0185153, -0.0848497, 0.0441167, 
-0.0519379, 0.0338964, 0.0418099, 0.0223023, 0.0474634, 0.00817819, -0.116342, -0.00253975, -0.0608249, 0.0557568, 
0.0052743, -0.101299, -0.06165, 0.0304509, -0.0249405, 0.00595573, 0.0727145, -0.135029, 0.0784648, 0.103906, 
0.0518777, -0.0964226, 0.0771771, -0.0170964, -0.116609, 0.0414577, 0.0612579, -0.0278614, 0.0400218, 0.0356656, 
0.0134312, -0.0474042, -0.0721656, -0.081302, -0.0790226, 0.0640845, 0.0928526, -0.0354531, -0.00250524, 0.0737787, 
0.0327917, -0.0599292, -0.0448125, 0.0878813, -0.104492, 0.0808508, 0.0339125, -0.0474023, 0.0466468, -0.0212143, 
-0.00444904, 0.000460912, 0.00450825, 0.0189874, 0.00476413, 0.0255049, 0.00174452, 0.0122856, 0.00355261, -0.00387207, 
0.0224636, -0.00875956, 0.126481, -0.103475, -0.0450025, -0.0240762, 0.14786, -0.087502, 0.106967, -0.0908775, 
-0.00759197, 0.0175285, -0.0249825, -0.0254602, 0.0272304, 0.0124521, -0.0245788, -0.00257983, 0.0150393, 0.00626361, 
0.00675494, -0.0801231, -0.0347482, -0.0164263, -0.0519366, 0.141774, -0.0896605, 0.07495, 0.0711883, -0.0183012, 
-0.000458342, 0.0182044, 0.0122002, -0.0187298, 0.00241334, 0.0209537, 0.00138886, -0.0137993, -0.0205294, -0.0102084, 
-0.104994, 0.100662, -0.130028, -0.00277583, -0.0270678, 0.0793525, 0.0608164, -0.0933224, 0.132218, -0.0150509, 
-0.0063639, 0.0234596, 0.160353, -0.0473139, -0.0193192, -0.0723789, 0.0284388, -0.0376642, 0.0203328, -0.01462, 
-0.0132988, -0.00424373, -0.00725474, -0.00010639, 0.00500686, -0.0164542, 0.00189813, -0.00926599, -0.00659159, -0.0160343, 
-0.0669684, -0.0830172, -0.0669066, 0.0822034, -0.0407838, -0.0110585, 0.0948305, -0.0318563, 0.0139337, 0.100242, 
-0.00126424, 0.0680259, 0.080988, -0.0668082, 0.036297, -0.0432179, -0.0868829, 0.0170557, -0.0614621, 0.00517448, 
0.0290237, -0.111476, -0.028204, 0.138792, -0.131111, 0.156896, 0.092356, -0.106116, -0.00451417, -0.0475646, 
-0.0818215, -0.00325405, 0.0355075, -0.104739, -0.0201048, 0.069917, -0.0171069, 0.0684825, -0.0647601, 0.0607373, 
0.000210582, -0.0110372, -0.00735647, 0.00912801, 0.00421108, 0.0202917, -0.00511911, 0.0114928, -0.0148612, -0.0140684, 
0.0562902, -0.0709973, -0.0656072, 0.115774, 0.0686635, 0.0152315, -0.204821, 0.0637381, -0.091579, 0.111367, 
0.0916228, -0.0871373, 0.0641975, -0.137458, -2.61749e-05, 0.0083422, 0.044911, -0.0584593, 0.161738, -0.0974413, 
-0.033184, 0.00912244, -0.050508, 0.130205, 0.0115528, -0.0165505, -0.0320995, -0.00648557, -0.0945786, 0.0618992, 
-0.0900224, -0.0320957, -0.15406, 0.0747583, 0.107366, -0.00896688, -0.0539534, 0.119202, -0.0134586, -0.00388112, 
-0.0235489, 0.050779, 0.15696, -0.0771895, -0.0431422, -0.00265697, 0.0226241, -0.0554438, 0.0168061, -0.0689671, 
-0.057145, -0.0488523, 0.1117, 0.0508301, 0.0409183, -0.132765, 0.0443363, -0.0206287, 0.0551673, -0.0177087, 
-0.0266205, -0.00382956, 0.0356046, -0.00386678, 0.042081, -0.0223851, -0.0229698, -0.0103015, 0.0349666, -0.0238528, 
-0.105665, 0.06974, -0.0149304, 0.0900925, -0.00735997, -0.0184256, -0.128763, -0.0882494, 0.170068, 0.0327388, 
0.0399541, 0.00953132, -0.0401392, -0.00716533, -0.027872, 0.00372086, -0.00884147, -0.054937, 0.0377383, 0.0472983, 
-0.0413534, 0.00315608, -0.00866649, -0.0612951, -0.0827336, 0.0898883, -0.0176764, 0.0779833, 0.0765845, -0.0633833, 
-0.0719147, -0.0712512, -0.0718464, 0.0575531, 0.00563081, 0.127905, -0.0864174, -0.0240859, -0.0591047, 0.147242, 
-0.00185671, 0.0176562, 0.0304483, -0.0112416, 0.0227491, 0.0206772, -0.0122069, 0.0110494, -0.0453629, 0.0344572, 
-0.00658448, -0.0191302, -0.0298991, -0.0655071, 0.092532, -0.0137639, -0.0669179, 0.105327, -0.162092, 0.148602, 
0.045342, -0.0229165, 0.0424202, -0.116866, 0.0433926, -0.109593, -0.111671, 0.159537, -0.0337412, 0.0851402, 
-0.0725739, 0.0419925, -0.0579751, 0.0211012, 0.00767766, 0.0729261, 0.0303237, -0.10047, -0.030613, 0.0651424, 
-0.0335169, -0.0202358, -0.0272985, 0.00538955, 0.00891775, -0.0293715, 0.0128295, 0.0222886, 0.0281361, 0.00796496, 
0.000144091, 0.0243583, 0.0423209, 0.0248394, -0.00897459, 0.0478491, -0.0527221, 0.0151404, -0.0262408, -0.00685465, 
-0.143492, -0.0144897, 0.0768168, -0.147516, 0.112793, -0.0137953, 0.0638557, 0.0597476, -0.0366519, 0.0585245, 
0.00862264, -0.00365391, 0.00245127, -0.000718306, -0.00902742, -0.00510047, -0.00925181, -0.0162076, -0.0240454, -0.0139014, 
-0.0226744, -0.0570541, 0.100007, 0.036772, 0.136148, 0.0198537, -0.0803294, -0.128573, -0.100373, 0.0975633, 
-0.03926, -0.0773636, 0.0551721, 0.12184, -0.00806908, -0.0818981, -0.00878972, 0.104132, -0.131106, 0.0569356, 
-0.0329223, -0.0308178, 0.0323193, -0.0132757, -0.0286323, 0.0282665, 0.0368224, 0.0505048, 0.0223768, -0.0482441, 
-0.0505541, 0.0908044, -0.101322, 0.175377, 0.104334, 0.0754635, -0.0981301, 0.0370234, -0.228648, 0.0175961, 
-0.0328467, 0.0839377, 0.111947, -0.0422231, -0.0464792, -0.0450068, -0.0407231, 0.0946735, -0.104813, -0.00179519, 
-0.00780075, -0.0173034, -0.0143411, -0.00146769, 0.014983, -0.00939452, -0.00184769, 0.00313655, -0.00762649, -0.0228437, 
0.000841203, 0.0257346, 0.0126098, 0.0181317, 0.0152807, 0.00718145, 0.00698352, -0.0131006, -0.00740763, -0.0252308, 
0.0320709, 0.0171844, 0.0194855, -0.0569164, 0.0270767, -0.0460707, -0.00843167, -0.0163554, -0.00334266, 0.0252145, 
-0.0857792, -0.0324541, -0.0722735, -0.0130788, 0.0599045, -0.158226, 0.0808664, 0.111777, 0.0373046, 0.0466627, 
0.0102599, 0.0286537, -0.0243979, -0.0598554, -0.0216127, 0.0603609, 0.0807039, -0.0101478, -0.0282403, 0.0197444, 
-0.11669, 0.13757, -0.066379, 0.0851817, -0.0517829, 0.00832927, 0.104495, 0.0126164, -0.0426537, -0.111826, 
0.0306402, -0.149407, -0.0759218, 0.118104, -0.0159192, 0.080266, 0.0361955, -0.142153, -0.00685986, 0.121238, 
-0.0408492, 0.0570324, 0.0568877, 0.00101833, -0.0582487, 0.0215574, -0.0502435, 0.0658832, -0.098409, 0.0651634, 
0.0889839, 0.0551123, 0.0578275, -0.177779, 0.0958901, -0.14751, 0.118787, 0.0186836, -0.105474, 0.0343552, 
-0.0260778, 0.0187493, -0.0234326, -0.00132344, 0.0326513, 0.0281851, 0.0108646, -0.0169174, -0.0605221, 0.0297971, 
0.0132032, 0.0799365, -0.119442, -0.0126271, -0.0230914, -0.100133, -0.0483115, 0.0709647, 0.0201878, 0.137429, 
0.14985, 0.102848, 0.133787, -0.0977257, -0.0922601, 0.044203, -0.0614835, -0.0593403, 0.118186, -0.186446, 
0.0156473, 0.0343535, -0.0929392, -0.0573481, 0.0719048, -0.00770231, 0.0171512, -0.0230272, -0.0321542, 0.0664718, 
-0.00665534, -0.00519642, -0.01142, -0.00635833, 0.00305589, 0.024837, -0.0153073, -0.00480877, -0.0159769, 0.0135604, 
0.118641, -0.0741243, 0.111987, -0.13644, 0.0568719, -0.00291778, -0.132716, 0.0622572, 0.099613, -0.105042, 
-0.0261684, 0.0168886, 0.0411284, -0.0122826, -0.0324756, 0.0143823, 0.0129742, -0.0233877, 0.00122386, -0.0116199, 
-0.078198, 0.0527389, -0.0548718, 0.0555426, -0.00484994, -0.0109661, 0.013973, 0.0703397, 0.071788, -0.0922664, 
0.0726323, -0.0724413, 0.0111432, -0.113141, 0.0742848, -0.0937968, -0.0343918, 0.0176259, 0.103071, 0.0383452, 
-0.0146651, 0.0685699, -0.110907, -0.0675184, 0.187781, -0.0550689, 0.129411, -0.0613553, -0.0164514, -0.0844775, 
-0.01078, 0.0407878, 0.049209, 0.0484888, 0.0625846, -0.120657, -0.0119228, -0.0623108, -0.0125405, 0.023355, 
-0.0526762, 0.0676198, -0.0863224, 0.0968566, -0.0614361, 0.17736, 0.0389743, 0.0129739, -0.111493, -0.0495341, 
0.104472, -0.166374, 0.0748203, 0.0557428, -0.136972, -0.0494295, -0.0142873, -0.0606165, 0.110397, 0.0983312, 
0.00175226, 0.00877722, -0.0264892, 0.0416733, -0.0143437, -0.035278, 0.0352986, 0.0251683, 0.0180976, -0.046437, 
0.0602558, -0.0439442, -0.00666354, -0.0585105, -0.114262, 0.0647331, -0.0419188, 0.0996566, -0.0333824, 0.10512, 
0.0887132, -0.0195404, 0.0619618, 0.0132419, -0.0893291, -0.0379078, -0.0193768, -0.0670263, 0.0431226, -0.0560629, 
-0.0133553, 0.00348312, 0.0146736, 0.0300739, -0.000254015, -0.0230376, 0.0110449, 0.0100034, -0.0192606, 0.0241497, 
0.0537985, 0.0946778, -0.190775, 0.0573271, -0.0727374, 0.0441669, -0.00323904, -0.056274, 0.0208396, 0.0439893, 
0.0168078, -0.0481845, -0.023452, -0.0121376, 0.163472, -0.0092202, -0.0311887, -0.0404148, -0.0856259, 0.0361697, 
-0.0730828, -0.0395825, 0.0708585, 0.0220664, 0.0258972, -0.0719119, -0.0255708, 0.0147838, 0.0576584, 0.0479402, 
0.0530704, -0.0949166, 0.0469698, 0.0628729, 0.0507584, -0.0129242, 0.0465871, -0.0337414, 0.0459232, -0.171815, 
-0.0158353, -0.00871116, -0.0159483, -0.0201744, -0.00592465, -0.00337006, -0.0207381, 0.024382, 0.00653386, -0.0176748, 
0.0131266, 0.0866128, 0.0718764, 0.00386627, -0.206643, -0.0141338, -0.0827828, 0.10415, 0.0391155, 0.010728, 
-0.120603, -0.0286456, -0.0407654, -0.0361655, 0.0103131, 0.0451359, -0.0670587, 0.0602737, 0.0724238, 0.104195, 
-0.0662072, -0.0859816, -0.0398872, -0.154534, 0.123988, 0.209871, -0.0931148, 0.164798, -0.116561, 0.0639742, 
-0.0460402, 0.12074, -0.0410751, -0.109122, -0.0276419, -0.0203953, 0.0575303, 0.0169353, 0.0297385, 0.0556718, 
-0.0111797, 0.0538491, -0.0667479, -0.0940252, 0.00324061, -0.007382, 0.00251115, -0.00205325, 0.0258327, 0.0458771, 
0.114133, -0.0138688, -0.0300639, -0.0557878, 0.0124503, -0.0437592, -0.0169999, 0.0914097, -0.00944212, -0.0563519, 
0.0119835, -0.0272876, 0.042046, -0.0409315, 0.000259787, 0.0188457, -0.0447965, 0.0284909, -0.00871336, 0.0151, 
-0.00739185, 0.00804312, -0.0277438, 0.0323545, -0.034608, -0.00911533, 0.038909, 0.00057576, -0.00644315, 0.00773225, 
-0.0347415, 0.0982295, 0.000116967, -0.068413, -0.00869565, 0.0559037, -0.0204768, -0.0663353, 0.0890366, -0.0634745, 
-0.0142725, 0.00479661, 0.0243303, -0.00804923, -0.0301125, 0.0165274, -0.0171273, -0.0217357, 0.00544487, 0.0244073, 
-0.0884983, -0.0691196, -0.0769413, -0.0709021, 0.0166141, 0.114778, 0.121248, -0.0403994, 0.0163187, 0.0857362, 
0.0110124, 0.0347754, 0.0371603, 0.0423456, -0.034691, -0.0602309, -0.0356072, -0.0209715, -0.0337038, 0.0442533, 
0.0156408, -0.0138304, 0.0028622, -0.013897, -0.001456, 0.00969325, 0.0179652, -0.0130865, -0.00495884, -0.00685073, 
0.0228232, 0.108869, -0.189952, -0.0819118, 0.000170495, 0.179681, 0.0124224, -0.0797423, -0.039614, 0.0298448, 
0.121463, -0.0387651, -0.101234, -0.0536924, 0.104108, -0.0971783, -0.0117543, -0.00822915, -0.028983, 0.0943627, 
0.0021546, 0.007941, -0.0100221, 0.115291, 0.00692523, -0.0938909, 0.0630994, 0.0126541, 0.0222095, -0.117736, 
-0.0192122, -0.105827, -0.133108, 0.0873716, 0.0455794, -0.00293869, 0.0883789, -0.0861545, -0.0796543, 0.149582, 
0.0468561, -0.0193897, -0.0467805, -0.0239291, 0.00867706, -0.0472536, 0.0232105, 0.107717, -0.0229466, -0.0520858, 
0.0834712, -0.141996, -0.0490936, 0.124318, -0.20385, 0.164434, -0.084498, 0.0178644, 0.103185, -0.00603701, 
0.0900935, -0.0867701, 0.00245386, -0.0651691, -0.118792, -0.0436671, 0.0314414, 0.0938051, -0.039795, 0.105854, 
-0.100373, -0.00517668, -0.0871665, -0.0163723, 0.0761068, -0.131913, -0.0551083, 0.13036, 0.0964689, 0.0532645, 
-0.00454296, 0.00469436, -0.00569296, 0.00191922, -0.0153942, 0.0161338, -0.00949584, -0.000307345, 0.0149877, -0.0132869, 
0.0534888, -0.0760771, 0.0111445, 0.0224999, -0.00604089, -0.0939153, 0.0237516, 0.0434128, -0.0222843, 0.0507657, 
-0.0828549, 0.0316397, -0.0762063, -0.0702108, 0.00217909, 0.0695645, 0.0361979, 0.0879285, 0.0978134, -0.115662, 
-0.0430207, 0.0211559, -0.00192742, -0.0338041, 0.0177444, 0.0375285, -0.00741249, 0.0261447, -0.0387733, 0.025505, 
0.0302107, -0.00963346, -0.0756403, 0.0434035, -0.00388749, -0.0363788, -0.0198628, -0.0174673, -0.036697, 0.0815072, 
0.132042, 0.0392158, -0.04272, -0.0534358, -0.15879, -0.0599353, 0.0716588, -0.0412359, 0.0703439, 0.0415684, 
0.0248984, -0.0654386, 0.00436413, -0.0841544, 0.129869, -0.0125661, -0.0648508, -0.0208039, -0.0618645, 0.112094, 
-0.0646631, -0.104482, -0.0196994, 0.0492784, 0.0387919, 0.075569, -0.0256239, -0.142936, 0.0841621, 0.0865117, 
0.111463, -0.0632966, 0.0569527, -0.0515213, 0.0175695, -0.042237, -0.187457, 0.00215307, 0.0955494, 0.0576959, 
-0.0040503, -0.00190828, 0.0357059, -0.018045, -0.00833262, 0.0164542, 0.0152401, -0.0179681, 0.0115467, -0.00368504, 
0.0567808, -0.0877979, 0.15411, -0.00814743, -0.0189721, 0.000886926, -0.0449396, 0.0239155, 0.0659501, -0.151804, 
0.0754629, -0.00185525, 0.0756081, -0.120628, 0.0676452, 0.0256589, -0.0074734, -0.0991442, 0.00293496, -0.0250571, 
-0.0234049, -0.00309087, -0.0056458, 0.0267132, -0.0215445, 0.00375011, 0.0181537, 0.0179471, 0.0133465, -0.010434, 
0.0970053, -0.0195489, 0.0609584, -0.0675231, 0.0780147, -0.0795004, 0.0547509, -0.163652, -0.00524428, 0.00989178, 
-0.0613203, -0.0243847, 0.183716, 0.00549937, 0.0792199, -0.172935, -0.0176289, 0.043085, 0.109255, -0.158786, 
-0.0406126, 0.00858125, 0.0286132, -0.00944764, -0.0366386, 0.114803, 0.0683444, -0.0162937, -0.0779007, -0.0446855, 
-0.0207614, 0.0714983, 0.161, -0.023426, 0.0577482, -0.0527069, 0.0926615, -0.0553458, -0.124402, -0.0992693, 
-0.0241342, -0.0952491, -0.141447, -0.111354, 0.0782526, 0.058928, 0.150779, 0.0249917, 0.0905234, -0.0421613, 
0.0131913, 0.0914906, 0.0893659, -0.137597, 0.0212818, -0.105628, -0.0592494, -0.0194321, -0.0503741, 0.147805, 
0.00303285, -0.102419, -0.0247331, -0.00432999, -0.0932359, 0.12672, 0.0953803, -0.111758, 0.064083, 0.0608027, 
0.0390069, -0.0224837, 0.0435043, 0.0199785, -0.0624359, -0.0222744, 0.0168662, 0.0243299, -0.0179826, 0.00720259, 
0.01005, -0.0177881, 0.0652935, -0.00319412, 0.071022, -0.0350751, 0.0699397, -0.084414, 0.0342622, -0.0621734, 
0.0665271, -0.0410105, -0.0681764, 0.0387291, -0.102078, 0.137712, 0.159195, -0.0729731, -0.0363626, -0.0616971, 
-0.00210432, -0.0134843, 0.0024817, 0.00842394, -0.0381184, 0.0257959, 0.0264611, -0.0240412, 0.00461642, 0.0349999, 
-0.0194361, 0.0059966, -0.000259353, -0.0210605, 0.0277994, -0.0196687, -0.00691667, 0.011497, 0.0242048, 0.0207492, 
-0.0436807, -0.0361233, -0.0940121, 0.03514, 0.0470952, -0.0652067, -0.0831067, -0.018754, 0.0909995, 0.106774, 
-0.0112463, 0.0228782, -0.00945571, 0.023067, 0.0282177, 0.00435088, 0.0116761, 0.013942, -0.00682592, -0.0369978, 
0.00569645, -0.0714079, 0.167809, -0.144093, 0.00431022, 0.0193202, 0.0186589, 0.0249235, -0.071408, 0.0220532, 
0.014396, -0.0394206, 0.0959869, -0.0264741, -0.0267724, 0.0655758, 0.111026, -0.0812109, -0.0751879, -0.0716428, 
0.110441, -0.055734, -0.102619, -0.0317707, -0.0543676, -0.00536232, 0.0315282, 0.125791, 0.0606789, -0.0726986, 
0.0981921, -0.0374214, 0.0312101, 0.0139549, -0.0504072, -0.126485, -0.120202, 0.0340673, -0.00717893, 0.137898, 
0.0594021, 0.0148368, -0.0355069, -0.0160352, -0.0617301, 0.0530726, -0.0497236, 0.154992, -0.0436636, -0.0462255, 
0.0973684, -0.0311769, 0.0397917, 0.0651113, 0.104882, -0.0233285, -0.108458, -0.0766032, -0.0598418, -0.0364885, 
0.00363129, 0.0757499, -0.13091, -0.0132573, 0.0705078, 0.00758547, -0.0320464, -0.0609374, 0.00268673, 0.123774, 
-0.0243231, 0.0126128, -0.0210804, -0.0137615, 0.0363074, 0.0381557, -0.0150671, 0.0260911, -0.0401782, 0.0148494, 
0.0908047, 0.00175919, -0.0423499, -0.0426928, -0.00173816, 0.0329387, -0.14294, 0.144154, -0.0929263, 0.061819, 
-0.0709589, 0.0590167, 0.0528235, -0.104718, 0.0140586, 0.0132214, -0.0680742, 0.0711078, -0.00561842, 0.0351361, 
0.0890106, -0.0545052, 0.0549136, 0.00279259, -0.0100718, -0.0439566, 0.0125575, 0.00232405, -0.0613608, 0.0045067, 
-0.0066049, 0.03757, -0.0510527, 0.100959, -0.0559682, 0.00884545, -0.0493305, -0.0233703, 0.12299, -0.105235, 
-0.0975685, 0.0536537, 0.136013, 0.118974, -0.116396, -0.0319257, -0.0911846, 0.269968, 0.013423, -0.249078, 
-0.0727442, -0.0570536, -0.128184, 0.0352703, 0.104867, 0.020926, -0.0605883, -0.00541276, 0.100598, 0.0805869, 
0.0233667, 0.0709197, 0.00233095, -0.0463289, 0.0406694, 0.0374833, -0.0238595, -0.0171524, -0.0542452, -0.0489897, 
-0.0042379, -0.00391646, 0.00800533, -0.0171166, 0.0144068, 0.0134465, 0.00529746, -0.00824166, 0.00447533, 0.0108854, 
-0.0158529, -0.0341335, 0.0163772, -0.0881602, 0.0507509, 0.0469501, -0.0130851, 0.00451175, -0.0507774, 0.0843539, 
-0.00759464, -0.0295001, -0.015867, -0.0473154, 0.0404476, 0.0722407, -0.0619882, 0.072644, -0.0831515, 0.0513386, 
-0.00182326, 0.021566, -0.0280175, 0.0056153, 0.0230216, -0.0164819, -0.00973415, -0.00654769, -0.00383605, 0.0229711, 
-0.0118012, 0.0152663, -0.010266, 0.00660056, -0.00897224, -0.0134747, 0.0162398, 0.0107036, -0.0114328, -0.00508915, 
0.0236013, -0.0781638, -0.00537018, -0.0697233, 0.00913706, 0.0430631, 0.129179, -0.0586964, 0.0686069, -0.0691998, 
-0.0859278, -0.0668859, -0.0164573, 0.0752139, -0.111278, 0.0974911, 0.126416, -0.0855691, 0.114021, -0.0576021, 
0.0257091, 0.00534892, -0.0241172, 0.00453667, 0.0130263, -0.00184612, 0.0125992, 0.00772654, -0.00789177, 0.00979698, 
0.0967747, 0.00723511, -0.0650053, 0.094848, -0.0113609, -0.00897067, 0.0739568, -0.097419, -0.0631444, -0.0433855, 
-0.0452933, 0.125421, -0.0318262, -0.085004, 0.0344535, -0.083234, -0.0542796, 0.0312411, -0.0132795, 0.120932, 
0.0115339, 0.0783324, 0.0615165, -0.0763258, 0.107831, 0.061529, 0.0671861, -0.0965693, -0.102141, -0.0870145, 
-0.0259232, -0.0153522, 0.00666416, 0.132578, -0.0460055, 0.054367, -0.0342963, 0.0403007, -0.101975, 0.0293225, 
-0.0923354, 0.0609014, 0.0683869, -0.11176, -0.000964157, 0.0756229, -0.0335523, 0.0535009, 0.0142236, -0.0334488, 
-0.000862186, -0.00370595, -0.0160581, 0.00620047, -0.0055342, 0.00267647, 0.0191608, -0.0180342, 0.0170185, -0.00702621, 
-0.00578115, -0.000316378, 0.00266745, -0.0204846, 0.0250346, 0.0164626, 0.0187439, -0.01384, -0.00702467, -0.0161621, 
-0.0222664, -0.0166132, -0.0230257, 0.0364533, -0.00682959, -0.032229, 0.0249393, 0.0021013, 0.0272985, -0.00113866, 
-0.0650122, -0.00350457, -0.120458, 0.0272871, 0.0766086, -0.0136628, -0.0769415, 0.105461, 0.0266295, 0.0833973, 
-0.00742835, -0.0136598, 0.0300703, 0.0123842, 0.0271397, 0.00922745, 0.00343645, 0.00642841, -0.0238217, 0.0308205, 
0.0148788, 0.0278198, 0.027285, 0.0203725, -0.0492359, 0.0415577, 0.0192746, -0.0323414, 0.00251717, -0.015266, 
-0.0221523, -0.0503091, 0.140328, -0.0657412, 0.0890795, 0.0929719, 0.10497, -0.0480329, -0.103409, -0.115785, 
0.0159832, 0.00690388, -0.0529931, -0.0167077, -0.022191, 0.0208656, 0.0163852, -0.00909236, 0.0104886, -0.0170079, 
-0.0188138, -0.000340604, -0.0191088, 0.0118438, -0.0154865, 0.00656462, -0.0183966, 0.0176003, 0.0198847, -0.00816801, 
0.0035174, 0.105938, -0.0377931, -0.0696941, 0.00702314, -0.0144553, -0.00867227, -0.00832697, -0.0650063, 0.0889954, 
-0.0812096, -0.0614539, -0.106921, -0.207916, 0.0727075, 0.118887, 0.0423027, -0.035807, 0.104913, 0.154015, 
-0.0734382, -0.00386921, -0.0974515, 0.0226006, -0.0391564, 0.0774967, -0.0688323, 0.100785, 0.0784053, 0.00148276, 
-0.0163776, -0.148581, -0.00727746, 0.0500137, -0.118437, 0.15894, -0.0731231, 0.0124691, 0.0223211, 0.110033, 
0.0553656, 0.0311322, -0.102122, 0.099547, -0.0356706, -0.00238856, -0.00575749, -0.0228094, 0.0241065, -0.0605078, 
-0.101557, 0.0534138, -0.0778404, -0.0953417, 0.0483403, 0.025679, -0.0270188, 0.000767501, 0.0866229, 0.0773577, 
-0.132195, 0.114594, 0.0604438, 0.135619, 0.0303913, -0.160971, -0.0773393, 0.110813, 0.0539181, -0.153431, 
-0.100228, 0.0468261, 0.121815, -0.104519, 0.152024, -0.133279, -0.0145805, -0.104518, 0.0942437, 0.101449, 
0.055074, -0.0412764, -0.162926, -0.0411326, 0.147174, -0.0182363, -0.00832252, 0.147938, -0.100678, 0.0825674, 
0.014087, 0.0208542, 0.0825173, 0.12236, -0.0464576, 0.0289862, -0.0461968, 0.0480361, -0.128915, -0.0868314, 
-0.0656362, -0.0770308, 0.0322934, 0.0177088, -0.0566678, 0.0647823, 0.0905883, -0.0226852, 0.0968664, -0.118092, 
-0.0225578, -0.0131464, 0.0140137, -0.000266757, -0.00406799, 0.0186129, -0.00623197, -0.0253311, 0.00600939, -0.0102107, 
0.0339726, -0.000516075, 0.011142, -0.0437079, -0.0392253, -0.00815564, 0.00623593, -0.0155074, 0.0355277, 0.0195204, 
-0.0130217, 0.010378, 0.00271851, -0.0300703, 0.0316861, 0.0254767, -0.0201106, 0.00608507, 0.0099612, -0.00217861, 
0.00587361, 0.00898441, 0.0338732, 0.123601, -0.0764426, -0.00525127, 0.0972044, -0.022051, -0.0865429, -0.0941103, 
0.0947873, -0.0973035, 0.0967402, 0.140569, -0.154253, 0.0580787, 0.0439929, -0.164562, 0.0932666, -0.0956266, 
-0.0895499, 0.00539208, 0.0926775, 0.0249965, -0.115642, -0.0620188, -0.0547123, 0.011548, 0.119533, 0.0745917, 
-0.00918882, -0.0405091, 0.0227377, -0.0701671, 0.0789525, 0.059449, -0.0586155, 0.0314861, -0.0887411, 0.083098, 
0.00760086, -0.0153706, 0.0242712, 0.00057831, 0.0116264, 0.0185727, -0.0182114, -0.00538143, -0.00367949, 0.0190751, 
0.0896232, -0.0553295, -0.0854045, 0.00752327, 0.0310662, -0.0195072, 0.0853536, 0.172973, -0.0951654, -0.1207, 
-0.0387059, -0.0262861, 0.110222, 0.0650716, -0.117477, -0.0808213, -0.0734485, 0.0764755, 0.0376695, 0.0770491, 
0.0406803, 0.0360876, -0.0741283, 0.00687471, 0.0278655, 0.0309478, 0.0633669, -0.0699235, 0.109836, -0.111874, 
-0.11728, 0.00806625, -0.116202, 0.0794798, 0.0844432, 0.0393444, -0.10224, -0.135526, 0.10547, 0.132271, 
-0.00145106, -0.00571735, -0.0434529, -0.00747747, 0.037808, 0.0178461, -0.0137137, 0.00793726, -0.0399226, 0.0307841, 
0.011216, -0.0160976, 0.0631977, 0.0958682, -0.0667002, 0.164122, -0.0191246, -0.114577, -0.111415, -0.0232997, 
-0.00954191, -0.0916534, -0.102291, -0.0869481, 0.0813235, 0.0893062, 0.100385, 0.000561226, 0.115767, -0.0784679, 
-0.0853188, 0.0574625, -0.0197048, -0.077503, 0.0707521, 0.0163228, 0.0560458, -0.0920438, 0.102951, -0.00766452, 
-0.00592645, 0.0150177, 0.00492619, 0.00417173, 0.000469298, 0.01067, 0.0172018, -0.0296858, -0.0282766, 0.0154319, 
0.0559168, -0.131343, 0.076425, 0.136361, -0.0499127, -0.0282599, -0.0199011, -0.0759821, 0.096665, -0.0628326, 
-0.0164318, 0.0407645, 0.122603, -0.109149, 0.00993561, -0.0397147, 0.0867255, 0.0856887, -0.113518, -0.0328213, 
0.0539037, -0.018082, -0.0303324, -0.0574067, -0.0290019, -0.0190531, -0.0153835, 0.0141354, 0.0534604, -0.0251633, 
0.0258763, -0.000404898, 0.0303247, -0.0223979, 0.00862299, 0.019445, -0.0483162, -0.0185747, -0.00842671, 0.0245535, 
-0.0228107, 0.0231729, 0.18641, -0.0915753, -0.013474, -0.0439906, 0.0036126, 0.010058, 0.0158675, -0.0442502, 
-0.11862, 0.024539, 0.0256484, 0.0917607, 0.0348669, 0.00678558, -0.0669759, 0.074365, 0.0178065, -0.0335632, 
-0.00448336, -0.00474055, -0.0150636, 0.0268644, -0.0198538, 2.05517e-05, 0.0163618, 0.0127889, 0.0058978, -0.0223952, 
-0.0466453, 0.0881708, 0.115901, -0.0376142, -0.0328371, -0.063599, -0.0596535, 0.037078, 0.00324711, 0.0128646, 
-0.0193399, -0.00141071, 0.000250928, 0.00536044, -0.00122232, -0.0363883, 0.00920827, -0.0136936, 0.0431735, -0.0141357, 
-0.00743775, -0.000124731, -0.0479043, 0.112084, -0.0865971, 0.0965626, -0.0474993, 0.0163449, -0.071038, 0.0602271, 
-0.0287845, -0.033503, -0.0765472, 0.100518, 0.0248392, 0.0855694, 0.0625333, -0.0636619, 0.0158262, -0.134388, 
0.0312618, -0.0747486, -0.0437585, 0.0570861, -0.0208728, 0.073771, -0.0755757, -0.0595461, -0.0615602, 0.137649, 
0.0279008, 0.0240341, -0.0536129, -0.0243143, -0.0143953, 0.0354434, 0.00854686, -0.00994136, 0.0221512, -0.0108495, 
-0.0405112, 0.102291, -0.0613059, -0.0982233, 0.101393, -0.088536, -0.0309589, 0.0880607, -0.0700448, 0.0507846, 
0.0614018, 0.0886662, -0.000502113, -0.113474, 0.066958, -0.0950642, 0.0703888, -0.0203808, -0.0596323, 0.0308237, 
0.00282461, 0.0199564, -0.0099083, -0.0176249, 0.00587677, 0.0273461, -0.0171313, 0.00562293, -0.0290803, 0.0153015, 
0.083944, 0.0649506, 0.0519756, 0.0306036, -0.0446699, -0.0313064, -0.0365645, 0.0050269, 0.00788529, -0.109388, 
-0.00598376, -0.001524, -0.0284442, -0.00710005, 0.000124947, 0.0225493, -0.0104419, -0.0129436, -0.00700823, 0.0364582, 
-0.0059185, -0.0717265, -0.00239937, 0.112999, -0.0858674, 0.0571785, 0.0104129, -0.0622007, -0.0196673, 0.0139287, 
0.000827558, -0.0258376, -0.00432145, -0.00899684, 0.0279692, 0.00501173, -0.0339744, 0.0442369, 0.0286073, -0.0485861, 
0.0335432, 0.167774, 0.001104, -0.00307327, -0.0812108, 0.0133632, -0.0428508, 0.0999111, -0.0945522, -0.0497664, 
-0.0257574, -0.0907708, -0.0595608, -0.067182, 0.0242683, -0.0146956, -0.0630379, -0.0561119, 0.150063, 0.133895, 
0.0357591, 0.0273228, -0.0682807, -0.0589069, 0.0961857, -0.0267253, 0.0741876, 0.074637, -0.157223, 0.0381325, 
0.00900665, -0.0030112, -0.016486, -0.0118112, -0.0135593, -0.0180981, -0.00244368, 0.00973771, -0.0108209, 0.0271793, 
-0.104151, -0.126982, 0.00658588, 0.066585, -0.000520915, 0.0204604, -0.143616, 0.0455689, 0.0766805, 0.156092, 
-0.0231517, -0.00659103, 0.0148223, -0.0286737, -0.0309123, 0.0172933, 0.00927026, 0.0332559, 0.0202563, -0.0266929, 
-0.0455743, -0.0408543, 0.0816097, 0.0782131, -0.0450788, 0.0908685, -0.0511964, 0.0545458, -0.0240879, -0.0934684, 
0.101499, -0.0525241, 0.157941, 0.138719, -0.202734, -0.192945, -0.127575, 0.0854623, 0.0112085, 0.0818619, 
0.0306638, 0.0257888, -0.0045483, -0.014378, 0.00510063, -0.0313506, 0.0101093, -0.0108692, -0.017927, -0.00191483, 
0.0127872, 0.0131579, -0.0236999, 0.00313501, -0.0232704, 0.00912307, 0.024429, -0.00292294, -0.0303006, 0.0250264, 
0.130555, -0.0186312, 0.0107473, -0.177221, -0.0254636, -0.109077, 0.0811415, 0.00829129, 0.188679, -0.0876715, 
-0.0400602, 0.189878, -0.0556882, -0.0852404, 0.128159, -0.0148111, 0.0638176, -0.0785937, -0.164875, 0.0345631, 
0.049938, -0.0342621, -0.0798974, -0.10271, -0.117186, 0.122187, 0.100508, -0.0216398, 0.00648061, 0.0452425, 
-0.0504279, -0.0297539, 0.128958, 0.0775632, -0.115349, -0.000375543, 0.000486576, 0.172897, 0.0526357, -0.213199, 
-0.127023, 0.0461394, -0.0831809, -0.0628888, 0.0691361, 0.095116, 0.090276, 0.00424966, 0.100756, -0.0993233, 
-0.00117023, -0.0210837, 0.0059762, -0.0162216, -0.0108021, 0.0171386, 0.0131417, 0.0143029, -0.0140207, 0.0177479, 
0.0147399, 0.0650947, -0.118004, -0.0485214, 0.0875277, 0.0784856, 0.0842921, -0.013425, -0.103012, -0.0151869, 
-0.0133463, -0.00381284, -0.0207459, -0.00188324, -0.0213741, -0.00460257, -0.0145269, -0.0083521, 0.01961, 0.00513633, 
0.0122621, -0.019578, 0.0060131, -0.00620595, -0.0103401, 0.0289966, -0.010654, -0.0178925, -0.00332848, 0.0151656, 
0.00175065, 0.0244136, 0.0754696, 0.0124402, 0.0710882, -0.00951684, 0.0407443, 0.0235694, -0.0422352, -0.182693, 
0.0241501, -0.0104897, 0.00438969, -0.0232056, -0.0545762, 0.0181628, -0.0288117, 0.02258, -0.00847088, -0.0152766, 
-0.0182853, 0.010857, 0.0202292, 0.0142765, 0.0117666, -0.0129443, 0.0146521, 0.000201494, 0.0198991, 0.0166587, 
0.0412981, -0.0498926, 0.0361137, 0.128957, -0.0622437, 0.0106274, 0.0185628, -0.120172, -0.0231326, 0.0110532, 
0.00155643, 0.0180867, 6.4966e-05, 0.0186879, 0.0234888, 0.00237272, 0.0178293, 0.00828774, -0.00406808, -0.0216448, 
-0.0170272, 0.0287106, -0.00889383, -0.0166074, 0.00431132, 0.0343288, 0.00315867, -0.0076521, 0.018275, -0.0123679, 
0.0180772, -0.0141405, 0.0367272, -0.0177619, 0.0145619, -0.0178994, -0.0317923, 0.00916044, 0.0165991, -0.0104642, 
0.0639644, -0.0883078, 0.025774, 0.0790448, -0.170744, 0.083697, 0.0657455, -0.104987, 0.112028, -0.0441069, 
0.131923, 0.0127866, 0.0484696, -0.00359176, -0.0488746, -0.0198919, 0.0722563, -0.0736321, -0.112753, -0.00978294, 
-0.0424066, -0.0152839, 0.0195611, -0.0300406, 0.0639207, -0.00830472, -0.0371613, -0.0467579, 0.0104237, 0.075732, 
-0.00384262, -0.0295969, -0.0246618, -0.0166017, 0.0731062, -0.0551048, 0.0767216, -0.0324398, 0.0118518, 0.0977981, 
-0.0959157, -0.0542775, 0.0406222, 0.0467109, 0.0243662, 0.0404409, 0.0294484, -0.0374395, 0.0453651, 0.023696, 
-0.103538, 0.0272598, 0.147902, 0.048626, -0.0948312, -0.0733038, -0.165867, 0.103214, 0.061545, 0.0436306, 
-0.0118959, 0.0129636, 0.0243185, -0.000774834, 0.00216031, 0.00762017, 0.0483152, -0.00401221, -0.0152777, -0.013717, 
0.00986682, 0.00980778, -0.0403014, 0.0101184, 0.014251, -0.0177412, 0.00948581, -0.0166149, -0.0295216, 0.0230062, 
0.0914905, -0.054922, 0.0345747, 0.000659437, -0.16035, 0.0691186, -0.0225689, 0.0551737, 0.0143255, -0.0090073, 
-0.0297442, -0.0491396, -0.0632313, -0.0252826, 0.0391047, 0.0104483, 0.145836, -0.0543309, -0.0688828, 0.0617444, 
-0.0303379, -0.0116924, -0.0141669, 0.041846, 0.0212876, 0.0145278, 0.0156354, 0.010642, 0.0463352, -0.0272984, 
0.0200551, 0.00554366, -0.0747595, 0.0276392, -0.00297477, 0.032984, 0.122403, -0.00722576, 0.0238002, -0.150951, 
-0.00429237, 0.0180089, 0.0253724, 0.0291229, 0.0528335, -0.0404283, -0.0754877, -0.0247763, -0.0501401, 0.0572015, 
-0.0140909, 0.00151055, 0.00123488, -0.0005775, 0.0315842, 0.0871823, -0.0182291, 0.0318026, -0.0874765, 0.0273165, 
0.104785, -0.050877, -0.0115937, -0.114452, 0.0381939, 0.0190651, 0.121487, -0.140396, 0.0294216, -0.0158679, 
0.0937554, -0.0258194, -0.052036, 0.00712416, -0.191785, -0.0381797, -0.0183336, 0.0505293, 0.0606843, 0.113879, 
-0.0507065, -0.0813997, 0.139688, 0.0489251, 0.0304972, -0.218774, -0.122442, 0.0434617, 0.139313, 0.0663034, 
0.00215586, 0.0158429, 0.0666774, -0.0387238, 0.0693393, -0.0112783, -0.015823, -0.0490334, -0.0587989, -0.0133408, 
0.00292147, -0.0154058, -0.0111059, -0.019706, 0.0126665, 0.00768141, -0.0188417, 0.0277484, 0.0108439, -0.00369796, 
-0.00185114, -0.0161452, -0.00513567, -0.0163218, -0.0163382, 0.0166188, -0.0161646, -0.00265625, 0.00275396, 0.0125949, 
0.0776165, 0.0503434, -0.017651, -0.0522868, -0.0219229, 0.0952666, 0.031761, 0.000749789, -0.162255, -0.0219473, 
0.0334707, 0.0445503, -0.119077, 0.141484, -0.0917199, -0.0291958, 0.0356989, 0.0403171, -0.101058, 0.0546439, 
0.00849649, 0.017173, 0.0165104, 0.000278205, -0.0190994, 0.016435, -0.0086051, -0.00570107, -0.0161687, -0.0194306, 
-0.017478, 0.0479301, -0.0354916, -0.0505801, 0.0221602, 0.066706, -0.0161525, 0.0118002, 0.0133044, 4.85789e-05, 
0.0755319, 0.0336882, 0.111673, 0.0376211, -0.0444663, -0.168788, -0.0170754, 0.104016, -0.0908192, -0.0440677, 
-0.106614, 0.116144, -0.0644367, 0.00863472, 0.0113603, 0.137941, -0.0846523, -0.0900782, -0.0772395, 0.132895, 
-0.0159919, -0.00530887, -0.0149974, 0.0107532, -0.00573421, 0.00331005, 0.00783353, 0.0235504, 0.0247093, 0.00861952, 
0.0964983, 0.00455993, 0.15788, 0.0267659, -0.0321383, -0.0328112, -0.0493365, -0.0145138, -0.17601, 0.0267156, 
-0.0253979, -0.0276212, -0.024185, -0.0634089, 0.0667985, 0.0396008, -0.00194579, -0.0361218, 0.0141399, 0.0280009, 
-0.019538, 0.00115885, 0.000318402, -0.0155386, 0.0240304, 0.000983687, 0.031811, -5.97342e-05, -0.00993658, -0.0247979, 
-0.123012, 0.119645, 0.0351028, 0.106319, -0.0962446, 0.121713, -0.170737, 0.0173919, 0.0682482, -0.0531965, 
0.065741, -0.0171651, -0.146972, -0.00492703, -0.0892564, 0.118137, 0.155302, 0.00945049, -0.0794262, 0.0049115, 
-0.0268274, -0.0519078, 0.0710878, -0.0826795, 0.0718646, -0.0938118, 0.021506, 0.0366697, 0.00094477, 0.0389682, 
0.100276, -0.095527, 0.0720494, 0.038281, -0.195352, 0.0684923, 0.037415, -0.00364018, -0.0142653, 0.0340065, 
0.00595634, 0.0364553, -0.00484839, -0.0447169, -0.0468169, -0.00976114, -0.0381669, 0.0453745, 0.0128233, -0.00556369, 
0.060634, 0.00893128, 0.0210498, -0.0106405, -0.0350652, 0.0191815, -0.00846283, 0.0117252, 0.0056141, -0.0366334, 
0.0104097, 0.173854, 0.0321086, 0.128908, -0.136044, 0.00732349, -0.0903556, -0.0544054, -0.00227252, -0.0331052, 
-0.00798442, 0.0795502, 0.162952, 0.0516989, -0.0899771, -0.0194545, -0.0427621, -0.0139516, -0.0356909, -0.0816731, 
-0.0190289, -0.0103683, -0.0436927, 0.0793812, 0.0625249, -0.0154287, -0.031297, -0.0223118, -0.0833828, 0.0401705, 
0.052264, -0.020586, -0.0334412, 0.0325363, -0.016869, -0.0443057, 0.0349543, 0.0885554, -0.0420151, -0.0155306, 
-0.124777, -0.0927575, -0.0540027, -0.0958067, 0.114607, 0.00882913, 0.117713, -0.124806, 0.149986, 0.087478, 
0.141726, 0.00588041, -0.0807791, -0.0253278, -0.0654919, -0.06608, -0.051495, 0.160017, -0.00137596, -0.02239, 
0.0130596, 0.000764888, 0.051379, 0.0233891, 0.0663464, -0.0326336, -0.0220521, 0.0348472, -0.0770826, -0.0669844, 
-0.000251527, 0.017511, -0.0176788, -0.0222894, 0.022612, -0.027797, -0.0127239, 0.0221119, -0.00977081, -0.00036618, 
-0.0198978, 0.0488278, 0.0389674, -0.0319658, 0.00947636, -0.0389716, -0.00825379, 0.0707216, -0.132928, 0.0638659, 
-0.0227887, -0.00811185, 0.0093862, 0.0146903, 0.0320297, -0.0275062, 0.00445738, -0.00869175, -0.0498456, 0.0344402, 
0.0191712, 0.0456733, -0.0729401, -0.0181098, 0.116339, -0.104609, 0.0330616, -0.0272115, 0.0360868, -0.013647, 
-0.0203497, 0.0259515, 0.079599, 0.128466, -0.0739558, -0.223258, -0.0749401, 0.0964463, 0.0641663, 0.0432852, 
-0.00749648, -0.00980043, 0.0118245, 0.00525807, -0.00965095, 0.0107533, -0.0100856, 0.0246457, 0.0044935, 0.000542619, 
-0.0157717, -0.0574271, -0.0398842, 0.13146, -0.0587457, 0.136544, 0.00673448, -0.0547656, -0.0554577, -0.0383603, 
-0.00747594, 0.00649986, -0.0191074, 0.0257779, -0.0181548, -0.00649503, -0.010156, -0.00950948, 0.000103517, -0.022456, 
0.0568525, 0.0526659, -0.0662391, -0.0452607, 0.0700134, 0.0539323, -0.126341, 0.0923005, -0.10601, 0.0898701, 
-0.106918, 0.031417, -0.0259286, 0.0553261, -0.0632629, 0.102424, 0.0586412, -0.0939477, 0.092797, -0.0474106, 
-0.0915453, 0.0710868, -0.0811637, 0.129951, -0.0921393, 0.104106, -0.0604746, 0.00236682, -0.0461702, 0.0716962, 
-0.00202734, -0.000568617, 0.0131936, -0.00455018, -0.0204191, -0.0052639, 0.018439, 0.00795445, -0.0283976, 0.00176497, 
-0.010622, 0.200759, -0.0282218, -0.043748, -0.0470512, 0.0085887, -0.0138458, -0.0522011, -0.0629434, 0.0108114, 
-0.0390852, 0.0342714, 0.0653082, -0.060267, 0.0931819, -0.0978295, -0.0243055, 0.0591355, 0.0655499, -0.080104, 
0.0111017, -0.0120084, -0.0221143, 0.0145997, -0.0181411, 0.0102635, 0.00976676, 0.00321153, -0.0232288, 0.00664873, 
-0.0437626, -0.0271297, 0.0890108, -0.102693, 0.0722039, 0.035781, 0.0349201, -0.0945372, 0.0729331, -0.020495, 
-0.0207884, 0.0173931, -0.0245495, -0.0184017, -0.01021, 0.015739, -0.020906, -0.00889878, 0.0259322, -0.0247048, 
-0.0335735, 0.0837138, -0.118044, 0.0495933, 0.0484962, -0.140863, -0.0445547, 0.0300291, 0.0967133, 0.0110189, 
-0.103757, -0.0842098, 0.049933, 0.0484018, 0.0775847, -0.0763203, -0.0623339, -0.00331334, 0.092211, 0.0987016, 
-0.0172495, -0.0171907, 0.00117328, 0.00620425, 0.0130669, -0.00907511, -0.0127405, 0.0156515, 0.000381612, 0.022036, 
-0.00888982, -0.0907065, 0.00631719, -0.0239912, 0.0230076, 0.0445947, 0.0512418, 0.00121248, 0.0345365, 0.0205982, 
0.0164556, 0.126834, -0.0447925, -0.065078, 0.00282541, 0.0142195, -0.0382361, 0.0495819, -0.0559579, 0.000954878, 
0.0011129, -0.0151284, -0.00134162, -0.01271, 0.00353635, 0.015014, -0.00842844, 0.0091076, 0.0190373, 0.00792182, 
0.0116251, -0.0135325, 0.0183853, 0.00427319, -0.0203863, -0.0174798, -0.0130603, -0.00819369, -0.000500522, 0.00741774, 
-0.0706738, 0.00788315, -0.0815215, 0.0236441, 0.069032, 0.0548095, -0.126161, -0.134565, 0.125957, 0.152856, 
-0.0187698, 0.0781713, 0.043553, 0.0826552, -0.0384327, 0.0712498, -0.0554335, 0.0533357, -0.143991, -0.0899773, 
-0.00547369, 0.00175557, -0.00041282, 0.00410766, 0.017305, -0.0201009, 0.0172496, 0.00918497, 0.0185384, 0.00205625, 
-0.0188668, 0.0112772, 0.0168598, -0.0626649, 0.153264, -0.0260477, 0.0599323, -0.132356, -0.104377, 0.104137, 
-0.0489196, -0.0594438, 0.0609764, -0.0444956, 0.100658, -0.000504038, 0.0829387, -0.0655839, -0.0371438, 0.0318603, 
-0.0593212, 0.0742188, -0.0310985, 0.0987703, -0.0351344, -0.0630467, -0.0531924, 0.105666, 0.0969582, -0.150785, 
-0.00222673, -0.0173978, 0.0538441, -0.00338702, 0.0453579, -0.0126709, -0.0432139, 0.00569905, 0.0139849, -0.0512917, 
-0.0278855, -0.0053182, 0.109063, 0.100217, -0.0363548, -0.0694485, -0.0243022, 0.0660166, -0.0945267, -0.000475157, 
0.216425, -0.00736346, 0.11498, 0.0108763, -0.0175672, -0.1362, -0.0370215, -0.0179256, -0.13284, -0.0231035, 
-0.0360797, -0.0320167, 0.0357922, -0.0310945, 0.0602405, -0.0525735, 0.0755765, -0.0701257, -0.0715248, 0.114823, 
-0.0335226, 0.0170607, -0.122197, 0.118045, 0.0395547, -0.14279, -0.140099, 0.0799391, 0.10151, 0.0726477, 
0.00980208, 0.00761565, -0.0386477, 0.00212584, 0.03121, -0.00779687, -0.00350948, 0.0312696, -0.0287776, 0.0237426, 
0.0636303, -0.0245632, 0.102081, -0.0813818, -0.146509, 0.070332, -0.0240831, -0.0594056, 0.112138, 0.0108152, 
-0.0346617, -0.0802616, -0.087174, -0.0115877, -0.0810638, 0.154417, 0.0855667, -0.0395859, 0.0645955, 0.00458111, 
-0.0338881, -0.0726445, 0.0213433, -0.0431237, 0.129037, 0.068454, -0.105818, 0.025258, -0.133177, 0.130917, 
-0.0175828, -0.00406595, 0.00602208, -0.0350212, -0.016768, 0.0278904, -0.0204429, 0.0159188, -0.0044754, 0.0128791, 
-0.00363273, 0.0146425, 0.00920508, 0.0112277, -0.0103694, 0.0167589, 0.0156247, -0.0252534, -0.00906484, 0.0133725, 
0.00553716, 0.0187964, 0.0295247, -0.00474517, -0.0519348, 0.0171876, 0.00231083, 0.033861, -0.0199721, -0.00435726, 
0.0694566, -0.0197544, -0.0438567, 0.0689354, -0.127154, 0.0402789, -0.0353359, 0.0326336, 0.0492849, 0.0210227, 
-0.0327739, 0.0742046, 0.192088, 0.110594, -0.0396464, -0.178809, -0.00534519, -0.0402023, -0.0780307, 0.00111875, 
-0.0615985, 0.0921167, 0.024801, 0.0163765, 0.00349288, 0.0746171, 0.00975576, -0.0431008, -0.0790793, -0.0118719, 
0.00118065, 0.00222691, 0.0147913, 0.0071825, 0.000366027, 0.00048305, -0.0117531, -0.0179816, -0.00917419, -0.00784606, 
0.00237993, -0.00197014, -0.0157883, -0.0248141, -0.0231109, -0.015007, 0.0230093, 0.014456, -0.00236205, 0.0236766, 
-0.0173547, -0.0229468, 0.0180833, -0.0385671, 0.102436, -0.0637677, 0.00574713, 0.0860267, -0.0932653, -0.00378874, 
0.0211977, -0.00241269, 0.0181433, 0.00541244, 0.0086168, -0.0189842, 0.029414, 0.0112616, 0.00594796, 0.00911264, 
-0.0978153, -0.0609003, -0.0313623, -0.075915, 0.0466923, 0.0350337, -0.116898, 0.0979707, 0.094051, 0.053882, 
0.0149766, -0.0347699, 0.0867963, 0.00550138, 0.0102713, 0.0342743, 0.0179737, -0.0193751, -0.0878092, -0.0408631, 
-0.000379875, 0.0240612, -0.0191094, -0.0429486, 0.0118206, -0.0170711, -0.00722519, 0.0222896, 0.0223924, -0.00471973, 
-0.0856681, 0.070292, 0.0534356, 0.108854, -0.0470284, -0.0938638, -0.00327085, 0.15135, 0.0588829, -0.21263, 
0.0114182, 0.0598477, -0.133666, 0.0855279, 0.00344234, 0.0891202, 0.131529, -0.0107466, -0.1162, -0.108627, 
-0.0250897, 0.0438093, 0.139382, -0.131662, 0.156406, -0.01293, -0.0288587, -0.0691355, -0.0594965, -0.0512044, 
-0.00516912, 0.0075345, 0.0241653, -0.0271698, 0.0246612, 0.00104277, 0.014063, 0.00710238, -0.00345989, 0.0210873, 
-0.0065853, 0.0176745, -0.0045629, 0.0181371, 0.00210894, 0.00937726, 0.0257387, -0.00951702, 0.0100588, -0.00691135, 
-0.00286742, 0.0313531, 0.156037, -0.141635, 0.140906, -0.113338, -0.0385593, 0.00834473, 0.0715614, -0.0831789, 
-0.0022805, 0.0314501, 0.0516072, -0.0432142, -0.0215066, -0.085707, -0.0161301, 0.0937582, -0.0732878, 0.00182722, 
-0.00478471, -0.0172479, -0.010604, -0.0125126, 0.0150342, -0.0188625, 0.0232376, 0.0155703, -0.0191239, 0.00511676, 
-0.000484162, -0.0076482, -0.126348, 0.0446422, 0.121877, 0.0278322, -0.100888, -0.00373152, -0.0597156, 0.0824263, 
-0.0522007, -0.0431091, 0.0478967, 0.002181, 0.0243384, -0.0079712, -0.0564644, 0.00321769, -0.0309444, 0.0684545, 
-0.0176397, -0.0144003, -0.0348338, -0.0198931, 0.070051, 0.0923484, -0.0325795, -0.0334613, 0.0254231, -0.0783901, 
-0.0689342, 0.0154861, 0.079487, -0.0532627, -0.145606, 0.156242, 0.120033, -0.135971, 0.0839288, -0.0775206, 
-0.0109358, 0.00880343, 0.126839, -0.046169, -0.000273354, 0.0914526, -0.0885199, 0.0604168, -0.0944279, -0.0720989, 
-0.0119236, -0.0358046, 0.0572208, 0.0562539, 0.021467, -0.0252882, 0.00852491, -0.0249871, 0.084463, -0.108357, 
0.0828462, 0.00818909, 0.126191, -0.110281, 0.0578127, -0.072053, 0.0903271, -0.188888, 0.0641641, -0.0407011, 
-0.0532547, 0.0291012, -0.0573141, -0.112483, 0.0641465, -0.102021, 0.0233936, 0.011909, 0.172654, -0.00850786, 
-0.004493, -0.0134779, -0.0159688, 0.0113146, -0.0145329, 0.00359679, -0.00292938, 0.00141516, 0.00578585, -0.0063784, 
0.108663, -0.0938771, 0.0517617, 0.0392532, -0.138487, 0.0681585, 0.0366159, -0.0770523, 0.0526413, -0.00280234, 
0.00811369, 0.00968355, -0.0197496, -0.00316284, 0.0194976, 0.0254339, -0.00502446, -0.0319408, -0.0290378, 0.0295777, 
-0.0476716, 0.00813582, 0.211755, -0.0804908, 0.163576, -0.00980251, -0.0170347, -0.0279172, 0.00173452, -0.265027, 
0.00463837, 0.141548, 0.20803, -0.0856436, -0.0551091, 0.0859559, -0.103426, 0.0457094, -0.0971479, -0.140352, 
0.0169758, 0.0103141, -0.028601, 0.0384655, -0.0075678, -0.0262427, -0.0179922, 0.0164685, 0.0246293, 0.00776695, 
-0.00535358, 0.0356536, -0.0162797, 0.0366938, -0.0111916, -0.00836844, -0.0234932, -0.00151782, -0.0451792, 0.0234589, 
-0.0163692, -0.0258938, -0.0112018, -0.00595732, 9.38884e-05, 0.0461575, -0.0199351, 0.0660881, -0.00720981, -0.0252645, 
-0.0238625, -0.00785151, 0.0186853, 0.0180256, -0.0103702, 0.00659543, 0.00136729, -0.0214893, 0.0127306, -0.000287948, 
0.0691818, -0.111122, 0.208605, -0.0178937, -0.125529, -0.0367401, 0.0438681, 0.0491772, -0.0267559, -0.0463974, 
-0.0111218, 0.00305688, -0.0370417, -0.0255344, 0.00897721, 0.0472351, -0.00777902, 0.0283363, 0.0386291, -0.00106466, 
0.111943, -0.0355127, -0.115561, -0.0128023, -0.0732609, -0.0319818, 0.112644, -0.0423957, 0.0700097, 0.00221045, 
-0.0548224, -0.0642792, -0.0499891, -0.0306314, 0.043748, -0.00817286, -0.100752, 0.0164441, 0.139114, 0.0503418, 
-0.0658551, 0.0498268, 0.0448258, -0.0457782, -0.0709039, 0.167797, 6.17937e-05, -0.0427934, -0.0890075, 0.0049978, 
-0.0117566, -0.0784936, 0.0419058, 0.169125, -0.0722877, -0.011076, 0.0764637, -0.183038, 0.0908774, 0.0107585, 
-0.0791742, 0.0150363, 0.0789477, -0.0400541, 0.0941058, 0.0258564, -0.111048, -0.145102, 0.119882, 0.0724523, 
-0.0301829, 0.108504, -0.130366, 0.154827, -0.0737657, 0.129717, -0.11561, 0.0397204, -0.0909364, -0.0290064, 
-0.0353825, 0.0590986, -0.128737, 0.120398, 0.0367557, 0.0937633, -0.131336, -0.0958587, 0.0949364, -0.0290985, 
-0.0137868, 0.0567883, 0.00899446, -0.0642175, 0.0617826, 0.0320948, 0.0242581, -0.0656535, -0.109905, 0.0953372, 
-0.0651818, -0.00964974, -0.038996, 0.0822043, 0.0602508, -0.05357, -0.0535433, 0.0824674, -0.0517163, 0.0673621, 
0.0388927, -0.070787, -0.106383, -0.0441104, 0.0450553, -0.0115218, 0.0651843, -0.0335005, -0.000506886, 0.0809548, 
-0.0848125, 0.0930595, -0.0582971, -0.0934321, 0.131565, -0.0674093, 0.00548495, 0.107768, -0.0929059, 0.110364, 
-0.0207004, 0.0140413, 0.00230782, -0.000745341, 0.0497362, -0.00533657, 0.0336009, 0.00160019, 0.0508979, -0.110972, 
0.0326657, -0.0280386, -0.0785798, 0.0531754, 0.0132791, -0.0309004, 0.00329588, 0.0244372, -0.0004311, 0.0295902, 
0.0759107, -0.0550893, 0.0390945, -0.107131, 0.0125706, -0.130728, -0.00697514, -0.0149829, 0.0799098, 0.110582, 
0.0307265, 0.0456963, -0.138339, -0.103701, -0.0951962, 0.139636, 0.115851, 0.0030099, -0.0382636, 0.0212582, 
-0.0139602, -0.0177159, -0.0155881, -0.0214034, 0.0318677, 0.0119936, -0.00456559, 0.0214059, 0.0199523, -0.00532141, 
0.017473, -0.0108058, -0.0811341, 0.000125529, -0.0540169, 0.0362653, 0.0469405, -0.0282698, 0.0113865, 0.0522988, 
-0.128509, 0.055852, 0.0976003, 0.129092, -0.104001, 0.06615, 0.0226739, -0.0177953, 0.120586, -0.203138, 
-0.014561, -0.00667912, 0.00190777, 0.000278652, -0.000367486, 0.0100521, 0.00154181, -0.0123787, 0.016746, 0.0159346, 
0.0827869, 0.0945155, -0.191523, -0.165058, 0.0347904, 0.10535, 0.00626979, 0.0363099, 0.1091, -0.0550302, 
0.0168833, 0.0725512, 0.0306541, -0.0795583, 0.058106, 0.0886521, -0.0648387, 0.00941444, -0.082941, -0.027404, 
0.0165586, -0.0315357, 0.0318354, -0.0161923, 0.0167082, -0.00642254, 0.0183463, 0.0253334, 0.00453444, -0.0118419, 
-0.0320096, -0.04924, -0.100152, 0.0166009, 0.0040188, 0.0834591, 0.180621, -0.0284992, 0.0251954, -0.162637, 
-0.0318335, -0.0259803, 0.0535819, -0.057405, 0.108932, -0.0461472, -0.0169579, 0.0441174, -0.0168607, -0.0456369, 
-0.0176771, -0.0114589, -0.116788, 0.0596879, 0.0185415, -0.068625, -0.00350404, 0.0836363, 0.00361151, 0.100996, 
-0.0284374, -0.0782603, -0.120912, 0.0601843, -0.125901, 0.0882142, 0.106636, 0.0379302, 0.0787809, -0.0310711, 
0.0103748, 0.00363488, 0.0360945, -8.80136e-05, 0.01812, 0.000880851, 0.00359851, 0.00171633, 0.0464092, -0.100882, 
0.0503593, 0.0428769, 0.0420056, -0.00892133, -0.0237303, -0.0603032, -0.0621406, 0.0176585, -0.0339619, 0.0348879, 
-0.0109267, 0.0530474, 0.0236732, -0.0176269, -0.0523961, -0.0242397, -0.0585867, 0.0637141, 0.12272, -0.0973668, 
-0.0209516, 0.0306716, -0.0244216, -0.0286472, 0.0286702, -0.0176335, -0.0171809, 0.0369636, 0.0319014, -0.0235177, 
0.0576567, -0.037111, -0.045873, 0.0722654, -0.052412, 0.0433356, 0.0208848, -0.0406751, 0.0410265, -0.0644501, 
0.0169416, -0.0131836, 0.00537295, 0.0114649, 0.0111484, 0.0124067, 0.0114483, -0.00354349, -0.0063325, -0.000538867, 
-0.0387978, 0.045232, -0.116337, 0.121469, -0.0495085, 0.0262346, -0.116794, 0.0889199, -0.104104, 0.152812, 
-0.0346622, -0.0388431, 0.0152123, -0.0647552, 0.0168714, 0.086687, -0.000656084, -0.0455122, 0.0224837, 0.038181, 
0.0859109, 0.0933451, -0.0498208, -0.10066, 0.0245531, -0.0700261, 0.00463459, 0.0475952, 0.0548651, -0.0869434, 
-0.0152329, 0.0473885, -0.162249, 0.052005, 0.134301, -0.112841, -0.119092, -0.142109, 0.153211, 0.169916, 
-0.0550102, 0.102973, 0.0873752, 0.120714, -0.0805786, -0.035968, -0.0320089, 0.192901, -0.170389, -0.139044, 
-0.0483241, -0.070845, -0.10557, 0.0458803, 0.0106418, 0.106231, -0.0477461, -0.0596833, 0.0941938, 0.0990177, 
-0.0783579, 0.0456014, -0.109482, 0.0189625, 0.0552708, 0.0865084, -0.0256371, -0.130846, 0.0383248, 0.102295, 
-0.027617, 0.0102957, -0.0329872, -0.00779928, -0.0146918, 0.0276049, 0.0165378, -0.00667644, -0.0222438, 0.0324755, 
-0.0952792, 0.022444, -0.0843878, -0.0553155, 0.10745, 0.102654, -0.0668576, -0.01031, 0.0553269, 0.0278557, 
0.00993809, 0.00272947, -0.00940499, -0.00663819, 0.0202335, -0.0166901, 0.00701107, -0.0120303, 0.0263585, 0.0152457, 
-0.0313927, -0.10325, -0.069366, 0.074746, 0.108515, 0.0798386, -0.0726382, 0.0319052, -0.130753, 0.137376, 
-0.0588874, 0.114261, 0.172032, -0.150323, -0.00701567, 0.00518329, -0.0238381, 0.0297212, -0.0208631, -0.0463715, 
0.0925643, -0.0774901, -0.0122682, 0.0759975, -0.0121708, 0.058549, -0.00710536, -0.0795421, 0.0113081, -0.063523, 
0.0658953, -0.000169288, -0.0338857, -0.0662844, -0.0427815, 0.0539384, 0.0561028, 0.205356, -0.0978087, -0.119466, 
0.029731, -0.00894398, 0.0112548, 0.0360826, -9.24434e-05, -0.0345167, -0.00978952, 0.00285914, 0.010661, -0.0522264, 
0.0341345, 0.0137186, -0.0881603, -0.0848095, 0.0971482, -0.0804194, 0.127987, -0.111081, 0.0613543, 0.039329, 
-0.00142185, -0.0127849, -0.0634663, -0.0398254, 0.0589552, -0.0483811, 0.000681042, 0.257539, -0.0573475, -0.125339, 
-0.0165917, -0.00255708, 0.0132112, 0.0260919, 0.0190984, -0.0334812, -0.027946, 0.0120754, 0.0269843, -0.000545341, 
-0.114565, -0.0398903, 0.0361227, 0.119133, -0.00879121, 0.112216, 0.0357022, -0.0628194, -0.101093, 0.0179551, 
-0.00551068, -0.00221013, -0.0223409, 0.0322119, -0.0147815, -0.00685797, 0.00477031, 0.0186883, -0.00540173, -0.00219648, 
-0.0603478, -0.101162, 0.117689, -0.0136873, 0.00923072, 0.00861551, 0.136848, -0.0266299, -0.0647676, -0.031725, 
-0.0517511, -0.031254, 0.0344412, -0.0276639, 0.109004, -0.0645547, -0.0514978, -0.109357, 0.10528, 0.0231895, 
0.0132941, 0.159488, 0.00667065, 0.0612889, -0.0543359, -0.0908722, -0.00854602, 0.130136, -0.085405, -0.0783791, 
-0.0459908, -0.0392543, 0.159511, -0.137481, -0.00354709, -0.128276, 0.0378114, 0.0975464, -0.0107215, 0.0567458, 
-0.0559518, -0.0333041, -0.0504, 0.0200294, -0.0182691, 0.128263, -0.0563135, 0.0209357, -0.0742525, 0.0910661, 
-0.0368324, 0.0490228, -0.122733, -0.112875, 0.0472942, 0.00618667, 0.0358821, 0.011882, 0.0712036, 0.0624785, 
-0.0360746, 0.102276, 0.0679931, -0.104493, -0.0248446, -0.0182227, 0.119659, -0.0511172, -0.0664704, -0.0259255, 
-0.0253587, -0.0214262, 0.00836571, 0.11567, 0.00183399, -0.198019, -0.112569, 0.12325, 0.0937453, 0.0449089, 
-0.012734, -0.00980109, 0.0785219, -0.0266743, 0.024953, -0.00156879, 0.0142912, 0.0223335, 0.0237609, -0.0811933, 
0.0226489, 0.0119132, -0.0321691, 0.0187527, -0.0104274, -0.00995616, 0.02422, 0.0247935, 0.0115573, -0.00953097, 
-0.153018, -0.0214942, -0.0735344, -0.00361463, 0.0699595, -0.108728, -0.0659294, 0.115817, 0.080698, 0.146994, 
-0.000210033, 0.00288365, -0.0411174, 0.042925, -0.00446452, 0.0306619, -0.0240054, 0.0384902, 0.0338274, 0.0137988, 
biases
10,
-0.00167516, 0.0680268, -0.0297583, -0.0532727, 0.0248294, 0.00538142, -0.0764517, 0.00720557, 0.0869905, -0.0312849, 